,file,seed,best_reg,dof,train_accuracy,train_bal_acc,train_abs_err,test_accuracy,test_bal_acc,test_abs_err,spearman_corr,pearson_corr,precision,sensitivity
0,simdata_v2_TS0.1_SS0.1.h5ad,9622,0.25,0,0.229126213592233,0.14285714285714285,3.0,0.22413793103448276,0.14285714285714285,3.0000000000000004,,,0.0,0.0
1,simdata_v2_TS0.1_SS0.1.h5ad,2315,0.10716699645770002,0,0.229126213592233,0.14285714285714285,3.0,0.22413793103448276,0.14285714285714285,3.0000000000000004,,,0.0,0.0
2,simdata_v2_TS0.1_SS0.1.h5ad,9004,0.25,0,0.229126213592233,0.14285714285714285,3.0,0.22413793103448276,0.14285714285714285,3.0000000000000004,,,0.0,0.0
3,simdata_v2_TS0.1_SS0.1.h5ad,2939,0.25,0,0.229126213592233,0.14285714285714285,3.0,0.22413793103448276,0.14285714285714285,3.0000000000000004,,,0.0,0.0
4,simdata_v2_TS0.1_SS0.1.h5ad,3288,0.25,0,0.229126213592233,0.14285714285714285,3.0,0.22413793103448276,0.14285714285714285,3.0000000000000004,,,0.0,0.0
5,simdata_v2_TS0.1_SS0.3.h5ad,4213,0.25,0,0.229126213592233,0.14285714285714285,3.0,0.22413793103448276,0.14285714285714285,3.0000000000000004,,,0.0,0.0
6,simdata_v2_TS0.1_SS0.3.h5ad,769,0.12695121127613088,0,0.229126213592233,0.14285714285714285,3.0,0.22413793103448276,0.14285714285714285,3.0000000000000004,,,0.0,0.0
7,simdata_v2_TS0.1_SS0.3.h5ad,7668,0.25,2,0.21165048543689322,0.16165653981451872,2.908942333326201,0.27586206896551724,0.22710622710622713,2.30629687772545,0.16845981243887004,0.11577735215500184,0.0,0.0
8,simdata_v2_TS0.1_SS0.3.h5ad,1626,0.25,0,0.229126213592233,0.14285714285714285,3.0,0.22413793103448276,0.14285714285714285,3.0000000000000004,,,0.0,0.0
9,simdata_v2_TS0.1_SS0.3.h5ad,6463,0.25,0,0.229126213592233,0.14285714285714285,3.0,0.22413793103448276,0.14285714285714285,3.0000000000000004,,,0.0,0.0
10,simdata_v2_TS0.1_SS0.5.h5ad,3873,0.2110397281373741,0,0.229126213592233,0.14285714285714285,3.0,0.22413793103448276,0.14285714285714285,3.0000000000000004,,,0.0,0.0
11,simdata_v2_TS0.1_SS0.5.h5ad,489,0.2110397281373741,0,0.229126213592233,0.14285714285714285,3.0,0.22413793103448276,0.14285714285714285,3.0000000000000004,,,0.0,0.0
12,simdata_v2_TS0.1_SS0.5.h5ad,8879,0.25,0,0.229126213592233,0.14285714285714285,3.0,0.22413793103448276,0.14285714285714285,3.0000000000000004,,,0.0,0.0
13,simdata_v2_TS0.1_SS0.5.h5ad,1485,0.25,0,0.229126213592233,0.14285714285714285,3.0,0.22413793103448276,0.14285714285714285,3.0000000000000004,,,0.0,0.0
14,simdata_v2_TS0.1_SS0.5.h5ad,8736,0.10716699645770002,3,0.22718446601941747,0.14164648910411623,3.0072639225181597,0.22413793103448276,0.14285714285714285,3.0000000000000004,0.0792598411676435,0.08862019950171886,0.0,0.0
15,simdata_v2_TS0.1_SS0.7.h5ad,5333,0.25,0,0.229126213592233,0.14285714285714285,3.0,0.22413793103448276,0.14285714285714285,3.0000000000000004,,,0.0,0.0
16,simdata_v2_TS0.1_SS0.7.h5ad,9545,0.25,0,0.229126213592233,0.14285714285714285,3.0,0.22413793103448276,0.14285714285714285,3.0000000000000004,,,0.0,0.0
17,simdata_v2_TS0.1_SS0.7.h5ad,5941,0.25,0,0.229126213592233,0.14285714285714285,3.0,0.22413793103448276,0.14285714285714285,3.0000000000000004,,,0.0,0.0
18,simdata_v2_TS0.1_SS0.7.h5ad,2071,0.25,0,0.229126213592233,0.14285714285714285,3.0,0.22413793103448276,0.14285714285714285,3.0000000000000004,,,0.0,0.0
19,simdata_v2_TS0.1_SS0.7.h5ad,5642,0.25,2,0.19805825242718447,0.1368495591392937,3.061360479504088,0.15517241379310345,0.0989010989010989,3.329495900924473,-0.024430045755546973,0.0317457645567087,0.0,0.0
20,simdata_v2_TS0.1_SS0.9.h5ad,4212,0.25,0,0.229126213592233,0.14285714285714285,3.0,0.22413793103448276,0.14285714285714285,3.0000000000000004,,,0.0,0.0
21,simdata_v2_TS0.1_SS0.9.h5ad,4554,0.25,3,0.21941747572815534,0.15313627849604824,2.9060575948692415,0.2413793103448276,0.19230769230769232,2.612593755450899,0.12819985531005837,0.09812626804803962,0.0,0.0
22,simdata_v2_TS0.1_SS0.9.h5ad,6494,0.2110397281373741,0,0.229126213592233,0.14285714285714285,3.0,0.22413793103448276,0.14285714285714285,3.0000000000000004,,,0.0,0.0
23,simdata_v2_TS0.1_SS0.9.h5ad,9094,0.25,0,0.229126213592233,0.14285714285714285,3.0,0.22413793103448276,0.14285714285714285,3.0000000000000004,,,0.0,0.0
24,simdata_v2_TS0.1_SS0.9.h5ad,7481,0.25,0,0.229126213592233,0.14285714285714285,3.0,0.22413793103448276,0.14285714285714285,3.0000000000000004,,,0.0,0.0
25,simdata_v2_TS0.3_SS0.1.h5ad,8549,0.25,0,0.229126213592233,0.14285714285714285,3.0,0.22413793103448276,0.14285714285714285,3.0000000000000004,,,0.0,0.0
26,simdata_v2_TS0.3_SS0.1.h5ad,9388,0.014033034078083092,3679,0.537864077669903,0.5039808596036812,0.7068774010082118,0.20689655172413793,0.1925693354264783,2.7863247863247866,0.58940618824414,0.34073684704926127,0.04022832291383528,0.02427423322945711
27,simdata_v2_TS0.3_SS0.1.h5ad,5490,0.25,0,0.229126213592233,0.14285714285714285,3.0,0.22413793103448276,0.14285714285714285,3.0000000000000004,,,0.0,0.0
28,simdata_v2_TS0.3_SS0.1.h5ad,4222,0.25,0,0.229126213592233,0.14285714285714285,3.0,0.22413793103448276,0.14285714285714285,3.0000000000000004,,,0.0,0.0
29,simdata_v2_TS0.3_SS0.1.h5ad,4297,0.25,0,0.229126213592233,0.14285714285714285,3.0,0.22413793103448276,0.14285714285714285,3.0000000000000004,,,0.0,0.0
30,simdata_v2_TS0.3_SS0.3.h5ad,3828,0.12695121127613088,0,0.229126213592233,0.14285714285714285,3.0,0.22413793103448276,0.14285714285714285,3.0000000000000004,,,0.0,0.0
31,simdata_v2_TS0.3_SS0.3.h5ad,9886,0.25,0,0.229126213592233,0.14285714285714285,3.0,0.22413793103448276,0.14285714285714285,3.0000000000000004,,,0.0,0.0
32,simdata_v2_TS0.3_SS0.3.h5ad,6973,0.25,0,0.229126213592233,0.14285714285714285,3.0,0.22413793103448276,0.14285714285714285,3.0000000000000004,,,0.0,0.0
33,simdata_v2_TS0.3_SS0.3.h5ad,9219,0.25,0,0.229126213592233,0.14285714285714285,3.0,0.22413793103448276,0.14285714285714285,3.0000000000000004,,,0.0,0.0
34,simdata_v2_TS0.3_SS0.3.h5ad,7610,0.10716699645770002,0,0.229126213592233,0.14285714285714285,3.0,0.22413793103448276,0.14285714285714285,3.0000000000000004,,,0.0,0.0
35,simdata_v2_TS0.3_SS0.5.h5ad,8482,0.25,0,0.229126213592233,0.14285714285714285,3.0,0.22413793103448276,0.14285714285714285,3.0000000000000004,,,0.0,0.0
36,simdata_v2_TS0.3_SS0.5.h5ad,1470,0.25,0,0.229126213592233,0.14285714285714285,3.0,0.22413793103448276,0.14285714285714285,3.0000000000000004,,,0.0,0.0
37,simdata_v2_TS0.3_SS0.5.h5ad,1256,0.25,0,0.229126213592233,0.14285714285714285,3.0,0.22413793103448276,0.14285714285714285,3.0000000000000004,,,0.0,0.0
38,simdata_v2_TS0.3_SS0.5.h5ad,5612,0.25,0,0.229126213592233,0.14285714285714285,3.0,0.22413793103448276,0.14285714285714285,3.0000000000000004,,,0.0,0.0
39,simdata_v2_TS0.3_SS0.5.h5ad,680,0.25,0,0.229126213592233,0.14285714285714285,3.0,0.22413793103448276,0.14285714285714285,3.0000000000000004,,,0.0,0.0
40,simdata_v2_TS0.3_SS0.7.h5ad,8040,0.25,0,0.229126213592233,0.14285714285714285,3.0,0.22413793103448276,0.14285714285714285,3.0000000000000004,,,0.0,0.0
41,simdata_v2_TS0.3_SS0.7.h5ad,253,0.25,0,0.229126213592233,0.14285714285714285,3.0,0.22413793103448276,0.14285714285714285,3.0000000000000004,,,0.0,0.0
42,simdata_v2_TS0.3_SS0.7.h5ad,9144,0.25,0,0.229126213592233,0.14285714285714285,3.0,0.22413793103448276,0.14285714285714285,3.0000000000000004,,,0.0,0.0
43,simdata_v2_TS0.3_SS0.7.h5ad,8558,0.25,0,0.229126213592233,0.14285714285714285,3.0,0.22413793103448276,0.14285714285714285,3.0000000000000004,,,0.0,0.0
44,simdata_v2_TS0.3_SS0.7.h5ad,1071,0.25,0,0.229126213592233,0.14285714285714285,3.0,0.22413793103448276,0.14285714285714285,3.0000000000000004,,,0.0,0.0
45,simdata_v2_TS0.5_SS0.1.h5ad,963,0.09046597519092779,3,0.3145631067961165,0.261455525606469,1.9102320390778715,0.3103448275862069,0.2619047619047619,1.7936507936507937,0.8913547185798495,0.9434252188250162,1.0,0.0002946665357037619
46,simdata_v2_TS0.5_SS0.1.h5ad,553,0.10716699645770002,19,0.23883495145631067,0.15633423180592992,2.851190447757799,0.2413793103448276,0.16666666666666669,2.8253968253968256,0.6177711319455669,0.644000383033947,0.2631578947368421,0.0004911108928396031
47,simdata_v2_TS0.5_SS0.1.h5ad,7443,0.09046597519092779,17,0.2504854368932039,0.17250673854447438,2.739836000318446,0.2413793103448276,0.16666666666666669,2.7619047619047623,0.6450641045839616,0.713094179190042,0.11764705882352941,0.00019644435713584126
48,simdata_v2_TS0.5_SS0.1.h5ad,761,0.09046597519092779,77,0.28932038834951457,0.2353236785600073,2.2834534271785167,0.25862068965517243,0.19047619047619047,3.0113378684807253,0.48123425546487736,0.45614606121795737,0.03896103896103896,0.0002946665357037619
49,simdata_v2_TS0.5_SS0.1.h5ad,2949,0.10716699645770002,2,0.3067961165048544,0.25067385444743934,2.0741724669327968,0.29310344827586204,0.23809523809523808,2.2063492063492065,0.8891911944523362,0.9430199510592889,1.0,0.00019644435713584126
50,simdata_v2_TS0.5_SS0.3.h5ad,6139,0.10716699645770002,3,0.2970873786407767,0.2371967654986523,2.1538902726125078,0.3103448275862069,0.2619047619047619,1.80952380952381,0.8682724503181661,0.9049167908207087,1.0,0.00029501425902251943
51,simdata_v2_TS0.5_SS0.3.h5ad,9407,0.10716699645770002,2,0.3067961165048544,0.25067385444743934,2.024648884870404,0.3103448275862069,0.2619047619047619,1.972789115646259,0.8420138793654309,0.8860967470932989,1.0,0.00019667617268167962
52,simdata_v2_TS0.5_SS0.3.h5ad,4736,0.12695121127613088,1,0.2621359223300971,0.18867924528301885,2.5396214473369954,0.29310344827586204,0.23809523809523808,2.4489795918367347,0.5972231701385066,0.6272075175991338,1.0,9.833808634083981e-05
53,simdata_v2_TS0.5_SS0.3.h5ad,9138,0.09046597519092779,4,0.31844660194174756,0.2668463611859838,1.879973159552811,0.3275862068965517,0.2857142857142857,1.6213151927437646,0.9286443986354599,0.9500347012946245,1.0,0.00039335234536335925
54,simdata_v2_TS0.5_SS0.3.h5ad,8786,0.07636765923990332,5,0.32427184466019415,0.2749326145552561,1.804766482422919,0.3275862068965517,0.2857142857142857,1.53968253968254,0.9675421628556605,0.9717163364174295,1.0,0.000491690431704199
55,simdata_v2_TS0.5_SS0.5.h5ad,9554,0.10716699645770002,1,0.23495145631067962,0.1509433962264151,2.9478658432563374,0.22413793103448276,0.14285714285714285,3.0000000000000004,0.4026094579663729,0.460788701037547,1.0,9.844457570387872e-05
56,simdata_v2_TS0.5_SS0.5.h5ad,5635,0.10716699645770002,5,0.29902912621359223,0.2398921832884097,2.2333571314840723,0.29310344827586204,0.23809523809523808,2.2063492063492065,0.9248090691073707,0.9678807090458653,1.0,0.0004922228785193936
57,simdata_v2_TS0.5_SS0.5.h5ad,4681,0.10716699645770002,5,0.31650485436893205,0.2641509433962264,1.912914264105451,0.3103448275862069,0.2619047619047619,1.7936507936507937,0.9179722078457871,0.9658365334713909,1.0,0.0004922228785193936
58,simdata_v2_TS0.5_SS0.5.h5ad,1215,0.10716699645770002,5,0.27766990291262134,0.2102425876010782,2.5255803393724343,0.27586206896551724,0.21428571428571427,2.571428571428572,0.9080752602014255,0.9568181319917879,1.0,0.0004922228785193936
59,simdata_v2_TS0.5_SS0.5.h5ad,6018,0.10716699645770002,3,0.24854368932038834,0.16981132075471697,2.8094940405108786,0.2413793103448276,0.16666666666666669,2.8571428571428577,0.7717471520944897,0.8271364331990106,1.0,0.00029533372711163615
60,simdata_v2_TS0.7_SS0.1.h5ad,1382,0.1503878113336714,3,0.2912621359223301,0.23059527616611084,2.2093597804457588,0.29310344827586204,0.23809523809523808,2.2539682539682544,0.7503613102514903,0.8142097965728669,1.0,0.00020875374017117806
61,simdata_v2_TS0.7_SS0.1.h5ad,6032,0.12695121127613088,5,0.3145631067961165,0.26294028964319976,1.992529114097538,0.29310344827586204,0.23809523809523808,2.1904761904761907,0.8714010418135052,0.9249446332203021,1.0,0.0003479229002852968
62,simdata_v2_TS0.7_SS0.1.h5ad,7520,0.12695121127613088,2,0.29514563106796116,0.23598611174562567,2.193606428233128,0.29310344827586204,0.23809523809523808,2.303854875283447,0.7454559232109992,0.8032677597158088,1.0,0.0001391691601141187
63,simdata_v2_TS0.7_SS0.1.h5ad,5872,0.12695121127613088,3,0.312621359223301,0.26321439992690393,1.9777956685177787,0.3103448275862069,0.2619047619047619,1.904761904761905,0.8991985539680598,0.9298380918256451,1.0,0.00020875374017117806
64,simdata_v2_TS0.7_SS0.1.h5ad,4496,0.12695121127613088,3,0.3048543689320388,0.24946320069441272,2.0604713275245854,0.29310344827586204,0.23809523809523808,2.2222222222222223,0.7623111150119195,0.8210152503572474,1.0,0.00020875374017117806
65,simdata_v2_TS0.7_SS0.3.h5ad,9194,0.12695121127613088,2,0.3067961165048544,0.25067385444743934,2.1662355704163683,0.29310344827586204,0.23809523809523808,2.158730158730159,0.874840393931187,0.9352255522143144,1.0,0.00014061730999085988
66,simdata_v2_TS0.7_SS0.3.h5ad,9930,0.032736370668982225,416,0.33980582524271846,0.2888171183462475,1.5485899763316018,0.29310344827586204,0.23957788243502529,2.5285190999476717,0.6278279248525704,0.4129827324668734,0.04567307692307692,0.0013358644449131688
67,simdata_v2_TS0.7_SS0.3.h5ad,3000,0.12695121127613088,4,0.312621359223301,0.2587601078167116,2.069770491430391,0.3103448275862069,0.2619047619047619,1.904761904761905,0.9453151241556298,0.9714111992036053,1.0,0.00028123461998171977
68,simdata_v2_TS0.7_SS0.3.h5ad,1487,0.10716699645770002,6,0.32427184466019415,0.2749326145552561,1.8315345400161498,0.3275862068965517,0.2857142857142857,1.6031746031746035,0.9709048453780929,0.985150855165504,1.0,0.0004218519299725796
69,simdata_v2_TS0.7_SS0.3.h5ad,589,0.12695121127613088,4,0.3067961165048544,0.25067385444743934,2.1300672717140356,0.3103448275862069,0.2619047619047619,1.936507936507937,0.875899352849934,0.9199080226258428,1.0,0.00028123461998171977
70,simdata_v2_TS0.9_SS0.1.h5ad,6700,0.04593906051905874,6,0.3320388349514563,0.2857142857142857,1.732078627725272,0.3275862068965517,0.2857142857142857,1.7641723356009074,0.9894226575365638,0.992011827546668,1.0,0.000325874429719748
71,simdata_v2_TS0.9_SS0.1.h5ad,2913,0.03877986737131415,7,0.38058252427184464,0.32152908805031444,1.4782641580905147,0.3620689655172414,0.3095238095238096,1.4226190476190477,0.995185697969506,0.9954887973302631,0.8571428571428571,0.000325874429719748
72,simdata_v2_TS0.9_SS0.1.h5ad,9296,0.027634699064745277,16,0.4330097087378641,0.36888447584022416,1.1533511855607108,0.43103448275862066,0.36507936507936506,1.0634920634920637,0.9926823910350918,0.9952563958232783,0.5,0.00043449923962633063
73,simdata_v2_TS0.9_SS0.1.h5ad,1434,0.1503878113336714,1,0.32233009708737864,0.2722371967654987,1.8857127219170449,0.3275862068965517,0.2857142857142857,1.8752834467120183,0.9095351079771972,0.9383227835164559,1.0,5.431240495329133e-05
74,simdata_v2_TS0.9_SS0.1.h5ad,2524,0.03877986737131415,13,0.3941747572815534,0.3443564690026954,1.531398318768013,0.3793103448275862,0.33900226757369617,1.3852040816326532,0.9863710545615794,0.9901163464629124,0.5384615384615384,0.0003801868346730393
