,files,seed,dof,mae,acc,bacc,cor_spearman,cor_pearson
1,~/data/simdata_v3_TS0.1_SS0.1.h5ad,6714,6,2.71902268760907,0.228621291448517,0.142857142857143,0.269205379106842,0.26473126643028
2,~/data/simdata_v3_TS0.1_SS0.1.h5ad,6032,0,2.71902268760907,0.228621291448517,0.142857142857143,NA,NA
3,~/data/simdata_v3_TS0.1_SS0.1.h5ad,5281,5,2.71902268760907,0.228621291448517,0.142857142857143,0.292288099016834,0.288670033479481
4,~/data/simdata_v3_TS0.1_SS0.1.h5ad,2252,11,2.66492146596859,0.232111692844677,0.146258503401361,0.308631674812927,0.298999608321211
5,~/data/simdata_v3_TS0.1_SS0.1.h5ad,3570,0,2.71902268760907,0.228621291448517,0.142857142857143,NA,NA
6,~/data/simdata_v3_TS0.1_SS0.3.h5ad,1983,4,2.71902268760907,0.228621291448517,0.142857142857143,0.272832003454663,0.249687309641285
7,~/data/simdata_v3_TS0.1_SS0.3.h5ad,4922,0,2.71902268760907,0.228621291448517,0.142857142857143,NA,NA
8,~/data/simdata_v3_TS0.1_SS0.3.h5ad,5064,0,2.71902268760907,0.228621291448517,0.142857142857143,NA,NA
9,~/data/simdata_v3_TS0.1_SS0.3.h5ad,8787,4,2.71902268760907,0.228621291448517,0.142857142857143,0.304283607009581,0.291957116734559
10,~/data/simdata_v3_TS0.1_SS0.3.h5ad,9757,0,2.71902268760907,0.228621291448517,0.142857142857143,NA,NA
11,~/data/simdata_v3_TS0.1_SS0.5.h5ad,7278,0,2.71902268760907,0.228621291448517,0.142857142857143,NA,NA
12,~/data/simdata_v3_TS0.1_SS0.5.h5ad,1853,0,2.71902268760907,0.228621291448517,0.142857142857143,NA,NA
13,~/data/simdata_v3_TS0.1_SS0.5.h5ad,9188,0,2.71902268760907,0.228621291448517,0.142857142857143,NA,NA
14,~/data/simdata_v3_TS0.1_SS0.5.h5ad,8535,0,2.71902268760907,0.228621291448517,0.142857142857143,NA,NA
15,~/data/simdata_v3_TS0.1_SS0.5.h5ad,9266,0,2.71902268760907,0.228621291448517,0.142857142857143,NA,NA
16,~/data/simdata_v3_TS0.1_SS0.7.h5ad,7686,0,2.71902268760907,0.228621291448517,0.142857142857143,NA,NA
17,~/data/simdata_v3_TS0.1_SS0.7.h5ad,5851,2,2.71902268760907,0.228621291448517,0.142857142857143,0.256446227102659,0.25410171121929
18,~/data/simdata_v3_TS0.1_SS0.7.h5ad,5797,5,2.71902268760907,0.228621291448517,0.142857142857143,0.274753180869984,0.266230437063562
19,~/data/simdata_v3_TS0.1_SS0.7.h5ad,5210,0,2.71902268760907,0.228621291448517,0.142857142857143,NA,NA
20,~/data/simdata_v3_TS0.1_SS0.7.h5ad,7500,6,2.71902268760907,0.228621291448517,0.142857142857143,0.258985447068944,0.273084788805899
21,~/data/simdata_v3_TS0.1_SS0.9.h5ad,1568,0,2.71902268760907,0.228621291448517,0.142857142857143,NA,NA
22,~/data/simdata_v3_TS0.1_SS0.9.h5ad,9237,4,2.71902268760907,0.228621291448517,0.142857142857143,0.288366807463487,0.281544303758771
23,~/data/simdata_v3_TS0.1_SS0.9.h5ad,4641,0,2.71902268760907,0.228621291448517,0.142857142857143,NA,NA
24,~/data/simdata_v3_TS0.1_SS0.9.h5ad,7467,9,2.65270506108202,0.228621291448517,0.143390006939625,0.319654162311032,0.304315487240288
25,~/data/simdata_v3_TS0.1_SS0.9.h5ad,8328,11,2.67190226876091,0.235602094240838,0.149659863945578,0.327583606554364,0.330350704181048
26,~/data/simdata_v3_TS0.3_SS0.1.h5ad,32,1,2.71902268760907,0.228621291448517,0.142857142857143,0.274214524778854,0.278222338066529
27,~/data/simdata_v3_TS0.3_SS0.1.h5ad,2056,7,2.71029668411867,0.228621291448517,0.142857142857143,0.333663282816159,0.323132249688734
28,~/data/simdata_v3_TS0.3_SS0.1.h5ad,1491,6,2.66841186736475,0.230366492146597,0.145167990860466,0.34162226043769,0.342928527417986
29,~/data/simdata_v3_TS0.3_SS0.1.h5ad,5611,3,2.71902268760907,0.228621291448517,0.142857142857143,0.313567049895705,0.3266527987027
30,~/data/simdata_v3_TS0.3_SS0.1.h5ad,2986,0,2.71902268760907,0.228621291448517,0.142857142857143,NA,NA
31,~/data/simdata_v3_TS0.3_SS0.3.h5ad,6693,5,2.71902268760907,0.228621291448517,0.142857142857143,0.32581890122085,0.346873378410531
32,~/data/simdata_v3_TS0.3_SS0.3.h5ad,1539,22,2.16404886561955,0.260034904013962,0.182370739377745,0.376399619483934,0.401136919692714
33,~/data/simdata_v3_TS0.3_SS0.3.h5ad,9391,20,2.28097731239093,0.246073298429319,0.167332304191628,0.396424362981911,0.418423313445142
34,~/data/simdata_v3_TS0.3_SS0.3.h5ad,3995,19,2.31239092495637,0.24956369982548,0.16997715116581,0.395715200756491,0.422998961924534
35,~/data/simdata_v3_TS0.3_SS0.3.h5ad,8269,11,2.59860383944154,0.233856893542757,0.150399854598328,0.361475065083126,0.372165453045081
36,~/data/simdata_v3_TS0.3_SS0.5.h5ad,7499,16,2.59860383944154,0.239092495636998,0.153671392221011,0.349974210840982,0.361404832050436
37,~/data/simdata_v3_TS0.3_SS0.5.h5ad,2883,10,2.47469458987784,0.2478184991274,0.163395129043984,0.336580590909442,0.342430324058994
38,~/data/simdata_v3_TS0.3_SS0.5.h5ad,2904,5,2.6282722513089,0.233856893542757,0.148569351404684,0.318552656013971,0.328273368358575
39,~/data/simdata_v3_TS0.3_SS0.5.h5ad,3308,6,2.57068062827225,0.240837696335079,0.155982240224334,0.328267979053357,0.338105359145412
40,~/data/simdata_v3_TS0.3_SS0.5.h5ad,3024,4,2.72425828970332,0.228621291448517,0.143467310588357,0.309320648665921,0.313937467529281
41,~/data/simdata_v3_TS0.3_SS0.7.h5ad,1856,5,2.71204188481675,0.228621291448517,0.142857142857143,0.324499590492197,0.331998356985882
42,~/data/simdata_v3_TS0.3_SS0.7.h5ad,8347,3,2.71902268760907,0.228621291448517,0.142857142857143,0.332803868394559,0.310806896477485
43,~/data/simdata_v3_TS0.3_SS0.7.h5ad,4848,30,2.13089005235602,0.263525305410122,0.187853767461183,0.427566074099336,0.445914210238085
44,~/data/simdata_v3_TS0.3_SS0.7.h5ad,8048,6,2.67539267015707,0.228621291448517,0.143467310588357,0.320990435670124,0.327015570515545
45,~/data/simdata_v3_TS0.3_SS0.7.h5ad,8256,11,2.51657940663176,0.239092495636998,0.154505209439779,0.354371127364223,0.357804222369604
46,~/data/simdata_v3_TS0.5_SS0.1.h5ad,6677,39,1.79232111692845,0.291448516579407,0.211547260784364,0.631267740022822,0.657126088760649
47,~/data/simdata_v3_TS0.5_SS0.1.h5ad,9435,38,1.74869109947644,0.294938917975567,0.21908735206288,0.586459878028438,0.625550649833936
48,~/data/simdata_v3_TS0.5_SS0.1.h5ad,3698,66,1.56719022687609,0.317626527050611,0.237005055612619,0.641578978942202,0.680442427982891
49,~/data/simdata_v3_TS0.5_SS0.1.h5ad,4446,49,1.61605584642234,0.322862129144852,0.245401018003739,0.639466034786443,0.67572877027909
50,~/data/simdata_v3_TS0.5_SS0.1.h5ad,1015,58,1.59511343804538,0.307155322862129,0.230547655494054,0.628670986127842,0.662818934219035
51,~/data/simdata_v3_TS0.5_SS0.3.h5ad,9400,34,1.67015706806283,0.31413612565445,0.23050044715895,0.612267688150483,0.609707125081142
52,~/data/simdata_v3_TS0.5_SS0.3.h5ad,1605,54,1.42582897033159,0.329842931937173,0.253277838735207,0.642076230993965,0.652254531804963
53,~/data/simdata_v3_TS0.5_SS0.3.h5ad,7797,52,1.61605584642234,0.321116928446771,0.242137631820274,0.640076118700126,0.653787689295477
54,~/data/simdata_v3_TS0.5_SS0.3.h5ad,6601,69,1.4869109947644,0.333333333333333,0.255707297680478,0.660534453901244,0.672377252244815
55,~/data/simdata_v3_TS0.5_SS0.3.h5ad,495,76,1.4694589877836,0.329842931937173,0.249854274270665,0.667458145235217,0.675687220765309
56,~/data/simdata_v3_TS0.5_SS0.5.h5ad,940,38,1.68062827225131,0.315881326352531,0.235770927714997,0.606670272436712,0.649116459936459
57,~/data/simdata_v3_TS0.5_SS0.5.h5ad,2336,54,1.50785340314136,0.333333333333333,0.253966291399521,0.641136023538904,0.67775935311317
58,~/data/simdata_v3_TS0.5_SS0.5.h5ad,5870,59,1.40139616055846,0.336823734729494,0.260191019326372,0.664944182803591,0.705364163429404
59,~/data/simdata_v3_TS0.5_SS0.5.h5ad,8661,58,1.55497382198953,0.317626527050611,0.245671945838757,0.640267334700611,0.67648163570405
60,~/data/simdata_v3_TS0.5_SS0.5.h5ad,2933,72,1.45375218150087,0.338568935427574,0.262783457047176,0.665578908013213,0.708567702624258
61,~/data/simdata_v3_TS0.7_SS0.1.h5ad,7593,23,1.08202443280977,0.37521815008726,0.296799402532141,0.816884759640273,0.877887931810131
62,~/data/simdata_v3_TS0.7_SS0.1.h5ad,4494,24,1.07678883071553,0.385689354275742,0.307313353747563,0.823567780383004,0.875954422533694
63,~/data/simdata_v3_TS0.7_SS0.1.h5ad,5789,26,1.02966841186736,0.390924956369983,0.314591234061358,0.822317975007309,0.879595902567497
64,~/data/simdata_v3_TS0.7_SS0.1.h5ad,9374,26,1.06631762652705,0.403141361256544,0.325012492197276,0.824811271033161,0.879392482782164
65,~/data/simdata_v3_TS0.7_SS0.1.h5ad,378,28,1.04188481675393,0.396160558464223,0.317573386683079,0.830379264330117,0.881478553164424
66,~/data/simdata_v3_TS0.7_SS0.3.h5ad,2751,40,1.14834205933682,0.364746945898778,0.283395553726373,0.790650721152413,0.861922357659647
67,~/data/simdata_v3_TS0.7_SS0.3.h5ad,6926,39,1.11169284467714,0.37347294938918,0.290617075424911,0.803887346034101,0.867801835855841
68,~/data/simdata_v3_TS0.7_SS0.3.h5ad,731,38,1.1500872600349,0.37696335078534,0.296842566819894,0.78610864634866,0.860311968865957
69,~/data/simdata_v3_TS0.7_SS0.3.h5ad,9437,35,1.05759162303665,0.368237347294939,0.287010773140624,0.797260007998392,0.866924308382285
70,~/data/simdata_v3_TS0.7_SS0.3.h5ad,9117,41,1.13438045375218,0.380453752181501,0.299141634595152,0.803562552189212,0.869004396661474
71,~/data/simdata_v3_TS0.9_SS0.1.h5ad,4823,26,0.909249563699825,0.420593368237347,0.350575644114598,0.905530921936747,0.94261609361127
72,~/data/simdata_v3_TS0.9_SS0.1.h5ad,6440,5,0.966841186736475,0.399650959860384,0.320354109243698,0.883262340012607,0.935967061238589
73,~/data/simdata_v3_TS0.9_SS0.1.h5ad,5364,7,1.00349040139616,0.396160558464223,0.318808036269054,0.888622327513285,0.937568268965484
74,~/data/simdata_v3_TS0.9_SS0.1.h5ad,5306,14,0.965095986038394,0.401396160558464,0.322829693954218,0.901482355597221,0.94008401783651
75,~/data/simdata_v3_TS0.9_SS0.1.h5ad,1210,13,0.930191972076789,0.420593368237347,0.350524296305802,0.901365437553039,0.940594498029596
